Points:
-3 -3
-3 -2.86047
-3 -2.72093
-3 -2.5814
-3 -2.44186
-3 -2.30233
-3 -2.16279
-3 -2.02326
-3 -1.88372
-3 -1.74419
-3 -1.60465
-3 -1.46512
-3 -1.32558
-3 -1.18605
-3 -1.04651
-3 -0.906977
-3 -0.767442
-3 -0.627907
-3 -0.488372
-3 -0.348837
-3 -0.209302
-3 -0.0697674
-3 0.0697674
-3 0.209302
-3 0.348837
-3 0.488372
-3 0.627907
-3 0.767442
-3 0.906977
-3 1.04651
-3 1.18605
-3 1.32558
-3 1.46512
-3 1.60465
-3 1.74419
-3 1.88372
-3 2.02325
-3 2.16279
-3 2.30233
-2.99999 2.44187
-2.99997 2.58143
-2.99998 2.72095
-3 2.86041
-3 2.89535
-3 2.93022
-3 2.96512
-3 3
-2.96512 3
-2.93017 3
-2.89535 3
-2.86046 3
-2.72094 2.99999
-2.58141 2.99999
-2.44187 2.99999
-2.30232 3
-2.16279 3
-2.02325 3
-1.88372 3
-1.74419 3
-1.60465 3
-1.46512 3
-1.32558 3
-1.18605 3
-1.04651 3
-0.906977 3
-0.767442 3
-0.627907 3
-0.488372 3
-0.348837 3
-0.209302 3
-0.0697674 3
0.0697674 3
0.209302 3
0.348837 3
0.488372 3
0.627907 3
0.767442 3
0.906977 3
1.04651 3
1.18605 3
1.32558 3
1.46512 3
1.60465 3
1.74419 3
1.88372 3
2.02326 3
2.16279 3
2.30233 3
2.44186 3
2.5814 3
2.72093 3
2.86047 3
3 3
3 2.86047
3 2.72093
3 2.5814
3 2.44186
3 2.30233
3 2.16279
3 2.02326
3 1.88372
3 1.74419
3 1.60465
3 1.46512
3 1.32558
3 1.18605
3 1.04651
3 0.906977
3 0.767442
3 0.627907
3 0.488372
3 0.348837
3 0.209302
3 0.0697674
3 -0.0697674
3 -0.209302
3 -0.348837
3 -0.488372
3 -0.627907
3 -0.767442
3 -0.906977
3 -1.04651
3 -1.18605
3 -1.32558
3 -1.46512
3 -1.60465
3 -1.74419
3 -1.88372
3 -2.02325
3 -2.16279
3 -2.30232
2.99999 -2.44187
2.99999 -2.58141
2.99999 -2.72094
3 -2.86046
3 -2.89535
3 -2.93017
3 -2.96512
3 -3
2.96512 -3
2.93022 -3
2.89535 -3
2.86041 -3
2.72095 -2.99998
2.58143 -2.99997
2.44187 -2.99999
2.30233 -3
2.16279 -3
2.02325 -3
1.88372 -3
1.74419 -3
1.60465 -3
1.46512 -3
1.32558 -3
1.18605 -3
1.04651 -3
0.906977 -3
0.767442 -3
0.627907 -3
0.488372 -3
0.348837 -3
0.209302 -3
0.0697674 -3
-0.0697674 -3
-0.209302 -3
-0.348837 -3
-0.488372 -3
-0.627907 -3
-0.767442 -3
-0.906977 -3
-1.04651 -3
-1.18605 -3
-1.32558 -3
-1.46512 -3
-1.60465 -3
-1.74419 -3
-1.88372 -3
-2.02326 -3
-2.16279 -3
-2.30233 -3
-2.44186 -3
-2.5814 -3
-2.72093 -3
-2.86047 -3
-0.375 -0.9375
0 -0.9375
-0.375 -1.125
-0.375 -0.75
-0.75 -1.125
0 -1.125
-0.75 -1.5
-0.75 -0.75
-0.9375 -0.375
-0.9375 0
-1.125 -0.375
-0.75 -0.375
-1.125 -0.75
-1.125 0
-0.75 -0.5625
-0.375 -0.5625
-0.1875 -0.5625
0 -0.5625
-0.1875 -0.75
-0.1875 -0.375
-0.375 -0.375
-0.5625 -0.375
-0.5625 -0.1875
-0.5625 0
-0.75 -0.1875
-0.375 -0.1875
-0.1875 -0.1875
-0.1875 -0.09375
0 -0.09375
-0.1875 0
0 -0.1875
-0.375 0
0 -0.375
-0.75 0
-1.5 -0.75
0 -0.75
-1.5 -1.5
-1.5 0
-3 -1.5
0 -1.5
0.375 -1.6875
0.75 -1.6875
0.375 -1.875
0.75 -1.875
0.375 -2.25
0.375 -1.5
0 -2.25
0.75 -2.25
1.3125 -2.625
1.3125 -2.25
1.125 -2.625
1.5 -2.625
1.125 -2.25
0.75 -2.0625
1.125 -2.0625
1.3125 -2.0625
1.5 -2.0625
1.3125 -1.875
1.125 -1.875
0.9375 -1.6875
1.125 -1.6875
0.9375 -1.875
0.9375 -1.5
1.3125 -1.6875
1.40625 -1.6875
1.40625 -1.5
1.3125 -1.5
1.5 -1.6875
1.125 -1.5
1.5 -1.875
1.5 -2.25
0.75 -1.5
1.6875 -2.625
1.6875 -2.4375
1.6875 -2.25
1.5 -2.4375
1.875 -2.4375
1.875 -2.625
1.875 -2.8125
2.0625 -2.8125
2.25 -2.8125
2.0625 -2.625
2.0625 -2.4375
2.0625 -2.34375
2.25 -2.34375
2.0625 -2.25
2.25 -2.4375
2.25 -2.625
1.875 -2.25
1.6875 -2.0625
1.6875 -1.96875
1.875 -1.96875
1.875 -2.0625
1.6875 -1.875
1.5 -1.78125
1.6875 -1.78125
1.59375 -1.6875
1.59375 -1.59375
1.59375 -1.5
1.5 -1.59375
1.6875 -1.59375
1.6875 -1.6875
1.78125 -1.78125
1.875 -1.78125
1.78125 -1.875
1.78125 -1.6875
1.78125 -1.5
1.875 -1.6875
1.6875 -1.5
1.875 -1.875
1.96875 -2.25
1.96875 -2.0625
2.15625 -2.25
2.15625 -2.15625
2.15625 -2.0625
2.0625 -2.15625
2.25 -2.15625
2.0625 -2.0625
1.96875 -1.96875
1.96875 -1.875
2.0625 -1.96875
2.15625 -1.875
2.0625 -1.875
2.25 -2.0625
2.0625 -1.78125
2.0625 -1.6875
2.0625 -1.5
2.25 -1.6875
2.25 -1.875
1.875 -1.5
2.25 -2.25
2.4375 -2.8125
2.53125 -2.8125
2.53125 -2.625
2.4375 -2.625
2.625 -2.8125
2.625 -2.90625
2.8125 -2.90625
2.90625 -2.90625
2.90625 -2.8125
2.8125 -2.8125
2.71875 -2.8125
2.71875 -2.71875
2.71875 -2.625
2.625 -2.71875
2.8125 -2.71875
2.90625 -2.625
2.8125 -2.625
2.625 -2.625
2.25 -2.53125
2.4375 -2.53125
2.34375 -2.34375
2.4375 -2.34375
2.34375 -2.4375
2.34375 -2.25
2.4375 -2.4375
2.53125 -2.53125
2.53125 -2.4375
2.625 -2.53125
2.625 -2.34375
2.625 -2.4375
2.4375 -2.25
2.71875 -2.4375
2.8125 -2.4375
2.8125 -2.25
2.625 -2.25
2.4375 -2.15625
2.4375 -2.0625
2.4375 -1.875
2.625 -2.0625
2.8125 -2.0625
2.8125 -1.875
2.625 -1.875
2.4375 -1.6875
2.625 -1.6875
2.4375 -1.5
2.625 -1.5
2.25 -1.5
1.5 -1.5
0.1875 -1.5
0.1875 -1.125
0.1875 -0.9375
0.1875 -0.75
0.375 -0.9375
0.375 -1.125
0.5625 -1.5
0.5625 -1.3125
0.5625 -1.125
0.375 -1.3125
0.75 -1.3125
0.5625 -0.9375
0.5625 -0.84375
0.75 -0.84375
0.75 -0.9375
0.5625 -0.75
0.75 -1.125
0.375 -0.75
0.1875 -0.5625
0.28125 -0.5625
0.28125 -0.375
0.1875 -0.375
0.375 -0.5625
0.46875 -0.75
0.46875 -0.5625
0.46875 -0.46875
0.46875 -0.375
0.375 -0.46875
0.5625 -0.46875
0.5625 -0.5625
0.5625 -0.65625
0.65625 -0.65625
0.75 -0.65625
0.65625 -0.75
0.65625 -0.5625
0.75 -0.46875
0.75 -0.5625
0.5625 -0.375
0.375 -0.375
0 -0.28125
0.1875 -0.28125
0.09375 -0.09375
0.1875 -0.09375
0.09375 -0.1875
0.09375 0
0.1875 -0.1875
0.28125 -0.28125
0.28125 -0.1875
0.375 -0.28125
0.375 -0.09375
0.375 -0.1875
0.1875 0
0.46875 -0.1875
0.5625 -0.1875
0.75 -0.1875
0.5625 0
0.375 0
0.75 -0.375
0.75 -0.75
0.9375 -1.3125
0.9375 -1.21875
1.125 -1.21875
0.9375 -1.125
1.125 -1.3125
1.125 -1.40625
1.3125 -1.40625
1.21875 -1.21875
1.3125 -1.21875
1.21875 -1.3125
1.21875 -1.125
1.3125 -1.3125
1.40625 -1.40625
1.40625 -1.3125
1.5 -1.40625
1.5 -1.21875
1.5 -1.3125
1.3125 -1.125
1.125 -1.125
0.84375 -1.125
0.84375 -0.9375
1.03125 -1.125
1.03125 -1.03125
1.03125 -0.9375
0.9375 -1.03125
1.125 -1.03125
0.9375 -0.9375
0.84375 -0.84375
0.84375 -0.75
0.9375 -0.84375
1.03125 -0.75
0.9375 -0.75
1.125 -0.9375
1.3125 -1.03125
1.3125 -0.9375
1.3125 -0.75
1.5 -0.9375
1.125 -0.75
1.5 -1.125
0.9375 -0.65625
0.9375 -0.5625
0.9375 -0.375
1.125 -0.5625
0.9375 -0.1875
0.9375 0
1.125 -0.1875
1.125 -0.375
1.3125 -0.5625
1.5 -0.5625
1.3125 -0.375
1.5 -0.1875
1.5 -0.375
1.125 0
1.5 -0.75
0.75 0
1.59375 -1.3125
1.6875 -1.3125
1.875 -1.3125
1.6875 -1.125
2.0625 -1.3125
2.25 -1.3125
2.0625 -1.125
1.875 -1.125
1.6875 -0.9375
1.6875 -0.75
1.875 -0.9375
2.0625 -0.75
1.875 -0.75
2.25 -1.125
2.625 -1.3125
2.625 -1.125
2.25 -0.75
1.6875 -0.375
1.875 -0.375
1.875 0
2.25 0
1.5 0
0 -3
0 0
-1.6875 0.375
-1.6875 0.75
-1.875 0.375
-1.875 0.75
-2.25 0.375
-1.5 0.375
-2.25 0
-2.25 0.75
-2.625 1.3125
-2.25 1.3125
-2.625 1.125
-2.625 1.5
-2.25 1.125
-2.0625 0.75
-2.0625 1.125
-2.0625 1.3125
-2.0625 1.5
-1.875 1.3125
-1.875 1.125
-1.6875 0.9375
-1.6875 1.125
-1.875 0.9375
-1.5 0.9375
-1.6875 1.3125
-1.6875 1.40625
-1.5 1.40625
-1.5 1.3125
-1.6875 1.5
-1.5 1.125
-1.875 1.5
-2.25 1.5
-1.5 0.75
-2.625 1.6875
-2.4375 1.6875
-2.25 1.6875
-2.4375 1.5
-2.4375 1.875
-2.625 1.875
-2.8125 1.875
-2.8125 2.0625
-2.8125 2.25
-2.625 2.0625
-2.4375 2.0625
-2.34375 2.0625
-2.34375 2.25
-2.25 2.0625
-2.4375 2.25
-2.625 2.25
-2.25 1.875
-2.0625 1.6875
-1.96875 1.6875
-1.96875 1.875
-2.0625 1.875
-1.875 1.6875
-1.78125 1.5
-1.78125 1.6875
-1.6875 1.59375
-1.59375 1.59375
-1.5 1.59375
-1.59375 1.5
-1.59375 1.6875
-1.6875 1.6875
-1.78125 1.78125
-1.78125 1.875
-1.875 1.78125
-1.6875 1.78125
-1.5 1.78125
-1.6875 1.875
-1.5 1.6875
-1.875 1.875
-2.25 1.96875
-2.0625 1.96875
-2.25 2.15625
-2.15625 2.15625
-2.0625 2.15625
-2.15625 2.0625
-2.15625 2.25
-2.0625 2.0625
-1.96875 1.96875
-1.875 1.96875
-1.96875 2.0625
-1.875 2.15625
-1.875 2.0625
-2.0625 2.25
-1.78125 2.0625
-1.6875 2.0625
-1.5 2.0625
-1.6875 2.25
-1.875 2.25
-1.5 1.875
-2.25 2.25
-2.8125 2.4375
-2.8125 2.53125
-2.625 2.53125
-2.625 2.4375
-2.8125 2.625
-2.90625 2.625
-2.90625 2.8125
-2.90625 2.90625
-2.8125 2.90625
-2.8125 2.8125
-2.8125 2.71875
-2.71875 2.71875
-2.625 2.71875
-2.71875 2.625
-2.71875 2.8125
-2.625 2.90625
-2.625 2.8125
-2.625 2.625
-2.53125 2.25
-2.53125 2.4375
-2.34375 2.34375
-2.34375 2.4375
-2.4375 2.34375
-2.25 2.34375
-2.4375 2.4375
-2.53125 2.53125
-2.53125 2.625
-2.4375 2.53125
-2.34375 2.625
-2.4375 2.625
-2.25 2.4375
-2.4375 2.71875
-2.4375 2.8125
-2.25 2.8125
-2.25 2.625
-2.15625 2.4375
-2.0625 2.4375
-1.875 2.4375
-2.0625 2.625
-2.0625 2.8125
-1.875 2.8125
-1.875 2.625
-1.6875 2.4375
-1.6875 2.625
-1.5 2.4375
-1.5 2.625
-1.5 2.25
-1.5 1.5
-1.5 0.1875
-1.125 0.1875
-0.9375 0.1875
-0.75 0.1875
-0.9375 0.375
-1.125 0.375
-1.5 0.5625
-1.3125 0.5625
-1.125 0.5625
-1.3125 0.375
-1.3125 0.75
-0.9375 0.5625
-0.84375 0.5625
-0.84375 0.75
-0.9375 0.75
-0.75 0.5625
-1.125 0.75
-0.75 0.375
-0.5625 0.1875
-0.5625 0.28125
-0.375 0.28125
-0.375 0.1875
-0.5625 0.375
-0.75 0.46875
-0.5625 0.46875
-0.46875 0.46875
-0.375 0.46875
-0.46875 0.375
-0.46875 0.5625
-0.5625 0.5625
-0.65625 0.5625
-0.65625 0.65625
-0.65625 0.75
-0.75 0.65625
-0.5625 0.65625
-0.46875 0.75
-0.5625 0.75
-0.375 0.5625
-0.375 0.375
-0.28125 0
-0.28125 0.1875
-0.09375 0
-0.09375 0.09375
-0.09375 0.1875
-0.1875 0.09375
0 0.09375
-0.1875 0.1875
-0.28125 0.28125
-0.28125 0.375
-0.1875 0.28125
-0.09375 0.375
-0.1875 0.375
0 0.1875
-0.1875 0.46875
-0.1875 0.5625
-0.1875 0.75
0 0.5625
0 0.375
-0.375 0.75
-0.75 0.75
-1.3125 0.9375
-1.3125 1.03125
-1.125 1.03125
-1.3125 1.125
-1.125 0.9375
-1.125 0.84375
-0.9375 0.84375
-1.03125 1.03125
-0.9375 1.03125
-1.03125 0.9375
-1.03125 1.125
-0.9375 0.9375
-0.84375 0.84375
-0.84375 0.9375
-0.75 0.84375
-0.75 1.03125
-0.75 0.9375
-0.9375 1.125
-1.125 1.125
-1.40625 1.125
-1.40625 1.3125
-1.21875 1.125
-1.21875 1.21875
-1.21875 1.3125
-1.3125 1.21875
-1.125 1.21875
-1.3125 1.3125
-1.40625 1.40625
-1.40625 1.5
-1.3125 1.40625
-1.21875 1.5
-1.3125 1.5
-1.125 1.3125
-0.9375 1.21875
-0.9375 1.3125
-0.75 1.3125
-0.9375 1.5
-1.125 1.5
-0.75 1.125
-0.65625 0.9375
-0.5625 0.9375
-0.375 0.9375
-0.5625 1.125
-0.1875 0.9375
0 0.9375
-0.1875 1.125
-0.375 1.125
-0.5625 1.3125
-0.5625 1.5
-0.375 1.3125
-0.1875 1.5
-0.375 1.5
0 1.125
-0.75 1.5
0 0.75
-1.3125 1.59375
-1.3125 1.6875
-1.3125 1.875
-1.125 1.6875
-1.3125 2.0625
-1.3125 2.25
-1.125 2.0625
-1.125 1.875
-0.9375 1.6875
-0.75 1.6875
-0.9375 1.875
-0.75 2.0625
-0.75 1.875
-1.125 2.25
-1.3125 2.625
-1.125 2.625
-0.75 2.25
-0.375 1.6875
-0.375 1.875
0 1.875
0 2.25
0 1.5
0.1875 0.09375
0.1875 0.1875
0.1875 0.375
0.375 0.1875
0.5625 0.1875
0.5625 0.375
0.75 0.1875
0.375 0.375
0.1875 0.5625
0.375 0.5625
0.1875 0.75
0.75 0.5625
0.375 0.75
0.75 0.375
0.9375 0.375
1.125 0.375
1.125 0.75
0.75 0.75
0.375 0.9375
0.375 1.125
0.75 1.125
0.75 1.5
1.5 0.75
1.5 1.5
-3 0
Boundary Indices:
Triangulation Edges:
683 685
672 676
671 672
748 749
193 197
267 269
743 746
513 514
291 313
218 220
792 793
614 616
577 615
240 258
586 587
517 518
719 724
739 740
537 571
195 208
644 651
247 248
105 799
316 319
241 247
193 642
241 248
408 409
269 294
290 291
224 229
562 563
22 23
27 28
290 313
668 669
38 592
233 259
211 681
211 212
634 635
60 61
209 211
535 550
267 296
587 590
586 590
661 679
537 538
212 681
687 689
257 259
437 480
664 670
213 684
720 726
385 386
486 487
281 285
197 221
51 600
233 238
113 497
652 673
335 339
720 724
477 480
24 505
389 411
329 331
287 308
281 284
429 432
750 776
724 726
223 230
717 733
587 759
532 650
520 521
667 678
221 503
660 667
287 303
544 610
613 616
764 772
115 116
701 719
352 357
193 217
660 678
336 343
383 390
627 628
260 294
501 646
680 687
268 337
578 581
310 479
523 529
620 625
401 409
381 384
208 217
382 383
382 390
289 291
351 353
648 651
683 692
116 493
302 303
188 191
793 794
659 662
383 409
402 403
112 497
547 610
537 544
787 795
640 641
196 198
677 694
383 401
766 773
18 507
415 418
509 512
662 663
718 722
290 478
659 663
5 179
79 798
535 537
346 347
112 113
685 692
192 198
419 780
559 728
4 5
164 230
407 777
639 728
559 639
551 553
375 376
694 696
475 485
375 377
319 328
376 377
352 356
267 268
356 357
213 681
455 458
210 211
349 350
12 220
392 394
86 98
454 459
35 36
13 220
579 581
603 606
330 331
485 487
389 391
556 563
12 13
571 572
157 234
626 627
721 722
207 658
194 221
194 197
305 312
272 273
730 737
644 648
325 326
126 358
447 454
348 349
703 724
703 719
201 216
543 544
543 610
587 757
270 337
773 774
310 313
521 524
757 759
578 579
707 718
167 230
260 267
500 681
430 433
267 294
282 436
607 608
151 152
33 533
137 138
311 361
327 342
151 235
172 173
152 235
436 438
488 495
489 495
689 690
528 555
170 171
412 418
175 220
275 288
316 318
554 556
488 489
421 450
56 632
719 720
594 617
421 449
695 754
412 415
659 661
463 468
449 450
472 494
494 496
659 660
213 679
368 370
409 410
472 496
79 800
662 664
633 635
122 123
80 800
32 512
79 80
253 278
190 223
688 693
476 781
67 771
557 558
732 737
736 753
412 419
190 230
618 619
718 721
748 753
189 363
341 343
3 181
658 661
336 338
27 508
215 658
654 705
215 661
188 190
598 602
56 57
188 220
190 220
211 214
575 584
240 241
119 493
521 529
555 557
524 529
713 715
366 382
612 614
692 778
188 196
25 26
643 658
427 431
658 659
125 358
327 346
747 753
666 693
643 659
660 661
244 252
224 363
203 216
508 513
508 514
550 551
700 701
89 96
707 711
756 757
551 552
16 17
573 574
238 239
271 315
651 652
229 369
454 455
16 507
736 737
556 562
17 507
542 543
620 627
575 582
542 610
564 580
598 601
680 684
672 674
599 601
744 795
287 293
598 599
634 638
383 403
754 787
639 727
617 618
232 236
101 800
727 728
139 140
617 619
388 391
592 593
734 737
166 230
601 602
566 567
690 697
567 568
158 231
96 97
57 632
752 776
577 627
145 315
653 706
265 266
225 245
566 568
740 742
153 232
593 594
364 368
405 414
258 260
739 742
552 553
186 190
186 223
664 667
741 742
319 320
184 188
209 679
437 477
782 783
433 434
336 339
246 255
339 341
336 341
186 188
239 241
276 295
310 361
688 689
275 295
275 276
504 522
237 245
230 499
343 346
418 419
140 322
187 198
343 344
404 405
254 258
253 274
344 346
264 315
424 443
705 706
584 627
610 611
602 605
264 271
291 308
771 773
474 498
560 639
287 291
267 270
215 679
355 358
501 502
267 333
270 333
140 141
296 314
532 646
224 237
203 210
395 421
749 750
447 455
395 450
624 625
710 733
403 409
260 266
475 486
387 390
603 605
613 615
275 302
430 435
538 540
485 486
40 593
81 800
714 739
486 494
45 46
582 584
442 446
432 440
4 180
184 191
128 355
429 440
474 792
317 318
692 777
292 477
753 763
176 177
476 783
777 778
509 536
498 799
103 800
654 656
114 115
104 800
521 523
145 146
157 231
745 749
329 330
103 104
577 584
748 772
429 433
653 712
546 571
179 180
571 576
701 721
207 643
546 576
181 182
75 76
124 491
161 162
219 366
161 230
607 624
131 330
707 708
162 230
782 790
471 472
192 196
108 109
502 646
209 210
195 198
710 725
511 513
358 359
192 195
558 560
743 744
214 406
514 515
513 515
697 778
510 516
10 220
377 379
524 527
425 443
189 364
527 529
368 371
129 348
577 591
61 769
37 540
225 243
590 757
293 303
748 764
297 300
651 656
648 656
568 586
317 328
247 250
783 790
657 663
702 704
238 242
644 663
644 657
301 302
14 15
741 743
741 746
56 631
683 689
457 458
683 690
463 464
83 800
425 446
790 791
68 775
783 791
200 203
629 634
314 335
677 698
626 630
257 260
94 95
532 647
534 538
546 573
265 271
198 205
534 537
367 374
200 201
534 535
324 326
620 621
152 153
648 650
612 615
687 688
612 613
280 283
612 616
52 607
631 632
611 616
611 614
679 680
610 614
273 276
286 288
502 522
424 440
26 508
454 456
55 56
613 622
581 582
671 699
620 622
613 620
297 314
479 484
556 557
555 556
192 197
143 321
539 540
284 290
520 523
309 310
620 626
704 705
30 509
705 709
141 142
702 707
704 709
713 716
708 711
274 288
9 220
370 372
100 101
390 401
330 346
100 800
63 770
431 433
312 351
321 322
309 313
750 752
258 273
428 431
432 447
367 380
423 426
145 316
428 433
320 321
243 255
655 670
212 404
144 145
675 740
478 480
243 246
567 756
449 451
218 507
341 344
127 355
293 302
483 488
564 566
424 429
275 293
327 331
298 304
359 360
482 491
331 346
338 350
146 315
23 24
678 688
160 228
540 541
547 614
319 325
29 511
320 325
540 542
333 334
201 381
258 272
586 588
14 218
154 155
326 329
327 329
224 227
729 731
351 352
74 775
520 532
792 799
326 327
500 682
305 307
298 305
298 307
664 665
479 481
361 482
481 482
426 431
636 637
361 481
472 473
146 264
130 131
490 491
482 490
574 578
211 679
733 738
402 406
750 774
248 250
312 352
666 677
745 746
784 785
370 373
371 373
772 774
370 371
457 459
538 542
195 205
105 800
456 459
150 256
456 457
414 777
418 476
697 779
417 418
417 476
442 449
753 764
548 610
703 721
442 448
84 85
295 301
118 119
448 449
423 424
424 426
335 337
545 591
310 481
398 400
698 741
364 365
509 513
405 412
412 414
781 784
600 601
44 47
663 670
681 684
241 253
467 472
2 182
472 474
643 644
445 452
294 295
200 202
738 742
507 801
779 780
645 648
467 474
505 514
533 539
517 535
581 583
498 792
155 156
632 635
116 117
82 800
82 83
481 483
358 360
559 755
652 655
89 94
89 95
90 94
483 490
223 363
638 759
4 179
515 522
317 332
557 560
756 758
394 397
751 772
21 801
604 618
21 507
608 623
531 535
185 365
672 714
134 322
239 240
9 10
604 623
174 175
746 749
228 231
174 220
760 768
189 223
512 536
142 322
24 25
42 43
708 717
664 669
671 674
25 505
369 370
228 237
133 323
203 209
241 244
643 657
593 595
365 367
367 386
630 631
366 367
444 448
307 351
256 261
365 366
404 500
271 333
467 468
212 500
650 705
88 89
211 213
661 680
758 762
517 531
197 640
42 599
260 265
597 602
197 641
353 356
221 507
604 608
685 777
503 507
706 712
279 285
110 111
702 709
572 579
254 257
710 717
256 257
702 721
701 702
470 494
549 571
613 619
700 705
87 96
766 771
63 64
34 533
701 705
653 699
653 673
666 688
673 699
768 771
216 402
107 799
510 513
774 776
564 570
730 732
686 687
712 713
477 478
551 565
674 676
744 752
766 768
665 667
680 686
342 346
569 755
268 335
470 471
752 796
550 553
233 236
776 796
33 34
37 541
229 372
537 543
510 515
589 628
779 784
282 362
439 455
730 755
377 442
210 402
594 595
349 353
524 525
615 622
619 620
246 422
609 617
594 609
478 479
455 460
50 599
159 160
599 600
141 322
171 172
303 308
50 600
557 562
593 597
528 560
558 562
518 530
528 557
563 565
603 609
102 800
556 565
788 790
59 60
563 570
587 638
623 624
303 306
323 324
623 625
633 634
629 633
271 318
248 283
650 656
517 550
780 784
20 21
728 731
127 128
728 729
640 649
723 730
382 385
723 732
378 386
761 765
109 497
621 623
387 392
736 763
316 320
765 766
28 29
761 766
554 555
391 400
166 167
436 477
65 66
44 599
702 718
237 238
231 237
126 127
111 497
285 286
239 242
165 166
307 312
419 777
759 762
326 328
233 254
254 259
263 265
773 775
423 443
368 372
438 477
90 91
268 314
256 262
261 262
315 316
279 286
482 483
257 261
786 789
362 436
437 439
793 799
290 477
291 309
418 781
262 263
148 262
384 402
218 221
249 362
52 53
148 263
340 342
646 649
341 342
340 341
142 321
650 700
128 354
354 355
300 350
728 755
307 350
380 386
656 705
168 230
300 307
295 302
519 520
250 252
406 408
541 542
289 290
332 340
240 254
134 135
526 727
45 47
281 282
317 340
310 311
343 349
343 348
644 645
732 734
224 225
225 369
224 369
493 495
376 449
376 442
418 780
80 81
379 441
55 625
407 414
377 441
284 285
216 384
277 278
523 650
216 381
10 222
763 764
403 406
684 686
742 746
642 644
518 521
410 412
403 408
604 606
397 399
62 770
395 397
232 259
726 727
588 638
395 399
400 420
306 308
398 420
666 678
424 431
444 447
322 324
496 498
445 447
268 270
29 30
444 445
323 329
177 220
248 249
580 583
423 427
426 427
548 595
455 456
156 234
468 471
38 541
750 772
467 471
711 713
432 455
473 494
129 354
376 396
355 356
575 581
348 354
791 793
588 589
71 72
163 164
585 588
452 459
93 94
177 178
791 792
779 785
519 522
85 800
635 636
86 800
85 86
116 497
493 497
194 218
786 788
735 747
735 753
318 334
693 694
788 789
574 591
453 461
774 775
324 329
78 798
62 63
78 79
104 105
121 492
97 98
86 97
175 176
701 704
176 220
178 220
675 676
1 182
281 362
297 298
187 199
194 196
192 194
170 190
159 228
445 451
171 190
167 168
60 769
255 370
530 551
359 361
647 650
263 264
670 671
255 373
184 186
187 202
199 202
207 217
22 507
23 507
683 686
16 218
470 475
503 505
503 514
54 55
217 642
221 640
84 800
201 203
325 328
321 324
192 193
192 208
234 236
193 208
561 567
500 685
545 612
682 685
450 461
725 732
26 27
72 73
722 725
505 507
483 487
591 612
504 514
294 299
501 514
501 504
502 504
681 682
410 411
514 522
523 532
6 7
641 642
203 402
545 614
642 645
276 294
641 645
721 724
601 603
647 648
430 439
523 719
701 703
519 521
443 446
523 701
40 41
715 738
672 739
715 742
657 659
565 570
669 671
669 674
655 673
671 673
120 492
706 711
711 712
693 696
629 630
695 698
694 698
694 695
243 244
602 603
696 697
147 264
690 696
690 693
691 693
636 638
690 691
675 677
2 3
0 183
679 684
518 525
668 675
668 677
396 421
675 739
743 745
6 220
531 534
309 311
385 390
32 509
537 542
517 551
712 714
564 568
350 351
563 564
48 49
572 576
538 539
545 547
544 547
544 545
591 615
5 6
545 573
544 573
574 575
143 320
575 578
634 636
596 602
596 597
48 599
49 599
168 190
603 604
588 629
618 623
618 621
47 48
389 401
281 283
620 623
64 770
607 623
584 628
211 402
630 633
54 625
723 725
296 299
558 639
90 93
495 497
653 654
558 559
526 639
572 578
561 566
564 585
580 585
585 586
562 566
637 769
636 769
632 633
457 475
718 725
272 294
582 588
710 718
559 569
730 758
466 474
627 630
755 758
746 747
742 747
745 750
548 592
760 761
761 768
733 735
733 734
277 288
761 762
273 274
762 765
668 674
635 637
59 637
279 280
59 635
771 775
68 771
68 69
69 775
744 745
430 432
232 233
242 245
249 250
149 150
735 742
238 245
133 134
235 256
232 234
154 234
483 484
286 289
365 368
154 232
525 555
155 234
247 252
28 511
53 54
212 214
246 252
443 444
244 246
226 237
298 300
567 590
348 353
224 226
422 423
373 423
240 253
537 549
373 422
249 428
220 222
250 428
428 434
399 461
249 434
427 428
250 427
232 235
152 232
99 100
236 238
574 576
257 258
240 274
272 276
459 464
304 306
241 242
552 579
304 305
305 306
280 285
277 279
236 237
89 90
279 288
282 284
280 281
282 292
645 649
282 477
284 292
261 263
357 359
305 311
316 328
264 265
663 664
315 318
318 333
337 339
133 330
323 330
343 350
763 765
322 323
347 348
295 299
314 338
313 479
300 314
11 12
300 338
573 591
356 358
411 415
353 354
311 312
290 479
128 129
265 333
759 760
357 361
185 364
201 366
201 219
375 378
202 219
375 396
378 396
416 417
446 448
440 444
44 45
440 447
395 461
450 451
375 386
389 400
401 411
393 396
378 393
398 462
386 387
518 524
385 387
297 301
400 416
161 228
416 420
400 415
134 323
130 348
389 415
452 454
616 619
440 443
432 439
3 182
456 458
398 463
1 2
420 463
465 468
780 781
397 398
317 334
391 398
391 397
464 468
464 469
509 510
468 469
462 464
462 463
619 621
458 485
458 480
480 485
481 484
469 470
469 471
480 484
484 485
716 739
122 491
122 492
491 492
405 407
404 407
412 777
675 698
778 780
321 325
778 779
696 785
707 709
696 779
798 800
752 795
466 783
795 796
695 696
38 39
696 754
466 791
465 467
466 467
465 466
781 783
781 782
785 786
410 413
308 309
66 67
786 787
785 787
115 497
794 797
708 715
795 797
794 795
775 798
173 220
76 798
434 435
58 632
76 775
516 518
788 794
75 775
722 724
86 87
74 75
70 775
71 775
70 71
797 800
797 798
714 716
200 204
534 536
98 800
180 181
510 536
3 180
552 572
350 353
799 800
6 178
178 179
136 140
5 178
474 791
411 413
11 220
11 222
768 769
715 739
7 8
7 220
8 220
15 218
628 629
172 220
228 230
165 230
169 190
169 170
18 19
168 169
223 224
223 226
186 189
184 189
191 196
651 654
576 578
187 191
184 187
184 185
185 189
184 202
20 507
23 505
185 219
287 289
19 507
261 265
369 372
196 218
506 640
506 649
506 646
501 506
199 205
409 411
198 199
199 200
199 204
206 209
207 209
206 207
51 607
193 641
73 74
642 643
217 643
53 624
204 206
465 476
191 198
203 204
207 215
243 245
516 531
209 215
722 723
204 209
214 402
660 687
660 680
682 686
554 565
682 684
690 692
628 630
682 683
505 508
515 519
525 528
501 640
221 501
509 511
641 649
502 532
517 530
520 522
518 519
678 687
646 647
647 649
654 706
362 434
706 709
708 710
147 263
725 733
413 415
732 733
708 713
81 82
644 652
665 669
669 670
670 673
36 539
665 666
699 714
563 566
672 699
676 739
83 84
652 653
699 712
717 738
735 738
659 667
707 710
662 667
666 668
665 668
531 536
695 741
688 691
689 691
677 693
674 675
33 512
32 33
106 799
516 519
533 534
533 536
533 538
36 540
36 37
58 635
34 539
512 533
767 772
549 550
535 549
549 553
573 576
384 403
541 592
530 555
542 548
541 548
544 571
595 611
595 610
574 577
55 631
575 577
39 593
39 40
609 618
604 609
596 605
43 599
597 598
601 606
46 47
44 48
49 50
606 607
600 607
136 322
600 606
54 624
594 611
616 617
15 16
123 124
53 607
51 52
233 239
622 627
615 627
625 630
625 626
246 373
631 633
516 517
518 555
346 348
363 372
525 560
525 526
526 560
135 136
527 720
527 719
559 561
645 647
558 561
435 438
561 569
583 585
568 590
567 755
567 569
567 757
363 364
553 572
494 495
570 580
582 589
584 589
579 580
290 292
737 758
568 585
587 588
371 374
588 634
334 339
589 629
463 465
60 637
58 59
720 727
526 720
723 726
501 503
19 20
723 729
496 799
726 729
758 763
736 758
731 755
755 756
225 227
734 736
734 735
735 736
764 765
764 767
748 751
749 751
762 763
67 68
65 771
636 760
760 769
65 770
64 65
288 293
772 773
770 771
768 770
91 93
66 771
62 769
72 775
163 230
163 499
231 234
158 228
225 255
153 154
231 236
149 262
274 278
239 254
242 244
374 375
367 375
252 427
246 427
244 247
251 283
675 741
248 251
430 437
328 332
437 460
460 480
137 139
150 262
147 148
235 259
260 272
241 278
248 278
299 301
308 311
278 279
274 277
284 289
488 490
285 289
286 287
434 436
435 436
435 437
479 480
144 316
144 320
452 464
316 317
266 267
266 333
335 336
334 340
339 340
342 344
137 140
50 51
136 137
135 322
131 347
330 347
269 296
269 299
268 296
99 800
297 299
338 345
740 741
336 345
296 297
416 418
108 799
343 345
345 350
352 353
754 785
130 347
466 476
129 130
303 304
42 598
311 352
357 358
124 360
125 360
124 125
125 126
354 356
126 355
123 491
367 368
219 365
388 390
387 388
374 379
371 379
367 371
394 395
394 421
441 446
425 441
373 441
423 441
445 448
388 401
364 372
441 442
376 421
394 396
450 453
380 382
417 463
366 380
366 381
381 382
388 392
41 597
388 389
386 393
393 394
743 754
392 397
391 392
417 420
445 454
457 464
429 431
437 455
452 461
461 464
457 469
469 475
458 475
398 461
461 462
470 473
789 795
458 460
484 487
489 494
472 498
470 486
486 489
655 663
113 114
119 492
492 493
497 799
561 562
121 122
487 488
119 120
212 406
118 493
117 493
515 516
404 408
405 408
412 413
745 752
415 416
692 697
360 491
782 788
744 754
796 797
1 183
744 787
788 791
788 795
709 711
788 793
793 800
793 797
495 496
111 112
114 497
110 497
109 110
787 789
108 497
73 775
76 77
77 798
102 103
87 97
88 96
311 357
92 93
91 92
0 1
510 531
182 183
3 4
8 9
13 14
13 218
173 174
171 220
164 165
227 237
196 220
185 202
17 18
22 801
206 217
204 205
205 208
205 206
200 219
206 208
26 505
27 511
508 511
30 31
31 509
30 511
502 520
523 700
529 719
722 726
715 717
747 748
652 663
652 654
382 386
713 714
715 716
665 678
227 245
686 689
695 743
31 32
34 35
35 539
553 571
37 38
39 592
593 605
593 596
592 595
544 546
40 597
407 685
594 605
162 499
41 598
41 42
606 608
43 44
611 617
605 609
625 631
551 555
525 527
526 527
551 554
570 579
552 565
552 570
580 581
582 583
582 585
638 760
57 58
727 729
729 730
730 731
757 758
747 749
750 751
757 762
759 761
769 770
61 62
766 772
766 767
765 767
69 70
157 158
158 159
160 161
226 230
226 228
156 157
229 363
255 369
242 243
422 427
249 283
251 278
784 786
433 435
150 151
151 256
148 149
256 259
260 261
240 273
274 276
274 275
278 280
251 280
286 293
283 362
333 337
146 147
326 332
334 337
332 342
143 144
142 143
138 139
324 325
327 332
132 330
131 132
132 133
302 304
298 301
335 338
301 304
305 308
359 482
359 491
373 379
374 377
451 453
448 451
382 384
383 384
387 393
392 393
398 399
423 425
444 446
451 452
429 430
452 453
471 473
437 438
487 489
490 492
490 493
120 121
488 493
117 118
404 406
405 410
407 500
408 410
777 780
782 786
417 465
782 784
496 497
796 798
776 798
774 798
77 78
106 107
105 106
107 108
101 102
98 99
87 88
95 96
Constraint Edges:
